307
249
73
158
430
272
44
378
423
209
440
165
492
42
487
3
327
229
340
112
303
169
209
157
60
433
99
278
316
335
97
326
12
267
310
133
479
149
79
321
467
172
393
336
485
245
228
91
194
357
1
153
208
444
168
490
124
196
30
403
222
166
49
24
301
353
477
408
228
433
298
481
135
13
365
314
63
36
425
169
115
94
129
1
17
195
105
404
451
298
188
123
5
382
252
66
216
337
438
144
1
397
371
328
137
358
177
397
294
404
109
231
245
175
135
298
142
399
468
412
260
57
94
8
395
468
113
30
6
462
442
365
82
352
267
321
195
212
171
401
90
331
238
57
116
290
140
179
335
6
472
98
95
319
454
223
289
260
405
126
123
6
313
270
238
94
220
344
366
34
226
394
363
238
344
90
50
159
123
447
385
217
272
39
247
385
496
385
123
420
144
468
235
415
125
34
42
11
179
152
244
295
318
396
192
315
491
33
169
397
53
47
325
210
162
211
308
377
261
125
335
368
495
276
267
439
374
331
56
301
372
60
94
484
255
289
407
15
193
269
180
455
355
6
463
2
176
108
249
331
344
138
308
497
151
349
203
231
31
14
419
275
9
180
429
223
54
260
237
45
317
25
200
256
64
97
148
204
50
150
476
412
54
297
4
381
248
65
378
199
209
129
53
483
447
107
273
322
305
176
53
224
130
366
400
444
370
285
16
398
155
133
57
76
178
266
357
211
378
114
319
237
133
91
220
262
133
197
31
88
89
373
377
304
358
200
254
460
415
447
480
230
455
46
107
238
0
426
35
357
113
114
93
360
354
418
357
85
229
15
63
102
417
143
419
467
247
269
395
303
473
103
248
385
158
459
406
430
324
132
473
103
397
420
450
231
480
203
400
20
33
258
3
176
450
434
280
379
332
74
49
42
249
271
310
379
483
470
40
223
150
471
229
318
246
299
230
121
276
124
244
458
196
271
64
60
98
251
440
3
51
301
205
80
418
274
149
413
320
25
12
283
288
117
8
50
324
195
257
11
190
166
410
93
53
65
460
242
403
352
307
141
410
200
299
127
171
287
414
125
141
17
348
342
315
474
445
373
220
411
239
54
305
429
253
189
166
356
304
360
398
92
220
116
80
367
352
439
198
401
311
116
391
171
228
171
161
45
120
240
158
453
127
350
211
63
94
33
227
327
295
31
442
16
6
15
424
101
97
161
103
324
108
436
281
15
210
216
405
473
281
220
291
169
365
327
36
228
125
384
167
449
476
46
76
166
467
20
384
491
210
258
211
244
18
218
434
325
267
189
318
14
325
418
28
29
34
227
240
254
40
396
435
83
48
365
11
252
64
376
237
175
245
210
415
192
210
247
37
299
447
215
193
79
129
164
479
1
25
289
458
33
300
89
170
217
346
38
43
338
436
321
219
496
247
288
359
487
35
235
412
184
489
284
234
167
19
115
45
476
161
325
319
131
403
198
298
139
4
3
179
265
391
107
424
365
121
454
106
450
203
332
32
141
154
477
217
400
289
465
247
122
379
317
16
48
262
29
39
208
403
157
261
252
466
121
57
496
455
430
494
55
221
312
293
427
232
444
291
198
152
356
70
303
439
414
299
266
335
421
43
252
86
219
150
410
123
169
105
443
311
431
492
316
199
471
139
370
336
391
357
333
328
177
410
183
176
489
91
434
211
404
26
391
290
22
364
390
384
313
441
127
179
284
37
370
61
81
165
302
232
332
354
259
347
377
462
10
319
150
377
441
336
220
299
112
259
456
390
152
48
14
44
418
150
101
295
321
231
1
245
461
57
10
428
305
173
137
169
96
3
421
175
18
300
489
262
54
263
143
389
250
235
415
364
494
463
258
152
92
316
214
420
60
450
368
241
347
196
287
1
234
128
71
448
375
253
371
329
293
219
471
320
264
79
130
410
80
113
342
138
382
44
328
393
75
480
0
96
447
370
87
43
233
352
261
324
400
380
278
357
423
498
14
345
162
9
110
349
218
290
55
243
55
385
34
275
321
151
226
251
459
283
214
437
379
198
100
137
285
378
284
342
415
460
67
140
207
66
228
62
363
469
390
123
278
313
261
10
340
478
0
394
7
156
51
286
431
44
239
276
84
252
108
14
454
19
28
171
370
163
447
24
43
354
8
481
52
288
163
359
19
379
356
461
487
353
399
288
244
380
466
283
274
236
409
67
334
439
184
151
49
266
467
110
89
327
273
81
295
436
374
435
231
472
28
298
70
87
297
89
146
90
111
112
463
112
281
451
230
